run:
cycle        Classifier 1        Classifier 2        Classifier 3        Classifier4
0        0.11852502194907813        0.11852502194907813        0.11852502194907813
500        0.23705004389815626        0.23705004389815626        0.23705004389815626
1000        0.3555750658472344        0.3555750658472344        0.3555750658472344
1500        0.675153643546971        0.6742756804214223        0.6725197541703248
2000        0.9894644424934153        0.980684811237928        0.9859525899912204
2500        1.3713784021071116        1.3722563652326603        1.3678665496049165
3000        1.6900790166812993        1.6786654960491658        1.6777875329236172
3500        2.008779631255487        1.9973661106233538        2.012291483757682
4000        2.3301141352063213        2.302019315188762        2.3327480245829673
4500        2.67603160667252        2.632133450395083        2.6883230904302016
5000        3.0649692712906056        2.9973661106233536        3.0711150131694467
5500        3.478489903424056        3.3959613696224755        3.504828797190518
6000        3.8498683055311678        3.757682177348551        3.8665496049165933
6500        4.1211589113257245        4.015803336259877        4.120280948200175
7000        4.2783143107989465        4.1712028094820015        4.270412642669008
7500        4.330114135206322        4.223880597014925        4.332748024582968
8000        4.331870061457419        4.2212467076382785        4.327480245829676
8500        4.253731343283582        4.141352063213344        4.244073748902547
9000        4.111501316944688        4.014925373134328        4.112379280070238
9500        3.9446883230904297        3.836698858647936        3.9236172080772618
10000        3.7497805092186125        3.6365232660228264        3.714661984196665
10500        3.5153643546971023        3.402985074626865        3.4688323090430213
11000        3.2370500438981558        3.1264266900790156        3.187884108867429
11500        2.9323968393327475        2.825285338015802        2.877963125548728
12000        2.6172080772607544        2.503072870939419        2.539947322212468
12500        2.2756804214222996        2.19227392449517        2.230904302019316
13000        1.9376646180860397        1.8428446005267767        1.880597014925374
13500        1.5970149253731336        1.4837576821773473        1.5074626865671648
14000        1.2405618964003504        1.1352063213345027        1.1395961369622483
14500        0.8832309043020186        0.7647058823529399        0.7690956979806854
15000        0.5136084284460045        0.38981562774363343        0.38366988586479434