run:
cycle        Classifier 1        Classifier 2        Classifier 3        Classifier4
0        0.2309043020193152        0.23968393327480245        0.11852502194907813
500        0.4618086040386304        0.4793678665496049        0.23705004389815626
1000        0.694468832309043        0.7208077260755048        0.3555750658472344
1500        0.9341527655838454        0.942054433713784        0.6611062335381914
2000        1.4345917471466199        1.421422300263389        1.0430201931518877
2500        1.9859525899912205        1.9754170324846356        1.4758560140474102
3000        2.5065847234416156        2.496049165935031        1.9034240561896403
3500        3.022827041264267        3.013169446883231        2.318700614574188
4000        3.520632133450395        3.5188762071992974        2.749780509218613
4500        4.042142230026339        4.028094820017559        3.202809482001756
5000        4.5759438103599654        4.562774363476734        3.6804214223002636
5500        5.119402985074627        5.094820017559263        4.172080772607551
6000        5.604916593503074        5.583845478489904        4.600526777875329
6500        5.965759438103601        5.946444249341528        4.920983318700614
7000        6.183494293239685        6.159789288849869        5.1027216856892
7500        6.2949956101843725        6.286215978928886        5.212467076382791
8000        6.360842844600527        6.350307287093943        5.2721685689201045
8500        6.370500438981563        6.322212467076384        5.251975417032484
9000        6.340649692712907        6.271290605794558        5.194029850746268
9500        6.278314310798947        6.18700614574188        5.139596136962247
10000        6.204565408252854        6.0825285338015815        5.0921861281826155
10500        6.10359964881475        5.961369622475857        5.035996488147497
11000        6.0035118525021955        5.805970149253732        4.971027216856891
11500        5.895522388059702        5.6382791922739255        4.89640035118525
12000        5.796312554872696        5.446005267778754        4.826163301141351
12500        5.702370500438982        5.253731343283583        4.752414398595258
13000        5.57945566286216        5.045654082528535        4.652326602282703
13500        5.450395083406497        4.826163301141353        4.543459174714661
14000        5.331870061457419        4.597014925373135        4.431957857769973
14500        5.21422300263389        4.35908691834943        4.323090430201931
15000        5.091308165057068        4.1097453906935915        4.218612818261632
BUILD SUCCESSFUL (total time: 6 minutes 31 seconds)