run:
cycle        Classifier 1        Classifier 2        Classifier 3        Classifier4
0        0.11852502194907813        0.11852502194907813        0.11852502194907813
500        0.23705004389815626        0.23705004389815626        0.23705004389815626
1000        0.35733099209833186        0.35733099209833186        0.3555750658472344
1500        0.6839332748024582        0.5109745390693591        0.66900790166813
2000        1.1808604038630377        0.6646180860403863        1.0438981562774363
2500        1.7313432835820897        0.8621597892888498        1.482001755926251
3000        2.2598770851624232        1.0386303775241439        1.8928884986830554
3500        2.800702370500439        1.1492537313432836        2.3432835820895526
4000        3.3459174714661986        1.2563652326602281        2.7945566286215984
4500        3.8832309043020192        1.3345039508340648        3.266022827041265
5000        4.437225636523266        1.6022827041264265        3.763827919227393
5500        5.0        1.8972783143107987        4.252853380158034
6000        5.502194907813871        2.13784021071115        4.680421422300264
6500        5.891132572431958        2.221246707638279        5.000877963125549
7000        6.1264266900790165        2.100087796312555        5.194907813871818
7500        6.266022827041264        1.8700614574187884        5.294117647058824
8000        6.349429323968393        1.584723441615452        5.330992098331871
8500        6.36523266022827        1.2212467076382791        5.328358208955224
9000        6.339771729587357        0.8094820017559261        5.300263388937665
9500        6.304653204565407        0.3863037752414398        5.253731343283583
10000        6.253731343283581        -0.06584723441615459        5.192273924495172
10500        6.210711150131694        -0.6215978928884988        5.12467076382792
11000        6.156277436347673        -1.2598770851624232        5.068481123792802
11500        6.095697980684811        -1.9113257243195787        5.014047410008781
12000        6.028094820017559        -2.5776997366110628        4.948200175592627
12500        5.95873573309921        -3.271290605794557        4.882352941176472
13000        5.885864793678666        -3.921861281826164        4.8182616330114145
13500        5.810359964881475        -4.5768217734855146        4.746268656716419
14000        5.734855136084285        -5.169446883230905        4.682177348551361
14500        5.669885864793679        -5.75241439859526        4.6215978928884995
15000        5.599648814749781        -6.302019315188763        4.556628621597894
BUILD SUCCESSFUL (total time: 4 minutes 52 seconds)